"id","fqdn/ip","port","severity","finding","cve","cwe"
"service","datapass.api.gouv.fr/149.202.178.67","443","INFO","HTTP","",""
"pre_128cipher","datapass.api.gouv.fr/149.202.178.67","443","INFO","No 128 cipher limit bug","",""
"SSLv2","datapass.api.gouv.fr/149.202.178.67","443","OK","not offered","",""
"SSLv3","datapass.api.gouv.fr/149.202.178.67","443","OK","not offered","",""
"TLS1","datapass.api.gouv.fr/149.202.178.67","443","LOW","offered (deprecated)","",""
"TLS1_1","datapass.api.gouv.fr/149.202.178.67","443","LOW","offered (deprecated)","",""
"TLS1_2","datapass.api.gouv.fr/149.202.178.67","443","OK","offered","",""
"TLS1_3","datapass.api.gouv.fr/149.202.178.67","443","INFO","not offered + downgraded to weaker protocol","",""
"ALPN","datapass.api.gouv.fr/149.202.178.67","443","INFO","http/1.1","",""
"cipherlist_NULL","datapass.api.gouv.fr/149.202.178.67","443","OK","not offered","","CWE-327"
"cipherlist_aNULL","datapass.api.gouv.fr/149.202.178.67","443","OK","not offered","","CWE-327"
"cipherlist_EXPORT","datapass.api.gouv.fr/149.202.178.67","443","OK","not offered","","CWE-327"
"cipherlist_LOW","datapass.api.gouv.fr/149.202.178.67","443","OK","not offered","","CWE-327"
"cipherlist_3DES_IDEA","datapass.api.gouv.fr/149.202.178.67","443","INFO","not offered","","CWE-310"
"cipherlist_AVERAGE","datapass.api.gouv.fr/149.202.178.67","443","LOW","offered","","CWE-310"
"cipherlist_GOOD","datapass.api.gouv.fr/149.202.178.67","443","INFO","not offered","",""
"cipherlist_STRONG","datapass.api.gouv.fr/149.202.178.67","443","OK","offered","",""
"cipher_order","datapass.api.gouv.fr/149.202.178.67","443","OK","server","",""
"protocol_negotiated","datapass.api.gouv.fr/149.202.178.67","443","OK","Default protocol TLS1.2","",""
"cipher_negotiated","datapass.api.gouv.fr/149.202.178.67","443","OK","ECDHE-RSA-AES256-GCM-SHA384, 256 bit ECDH (P-256)","",""
"cipherorder_TLSv1","datapass.api.gouv.fr/149.202.178.67","443","INFO","ECDHE-RSA-AES256-SHA","",""
"cipherorder_TLSv1_1","datapass.api.gouv.fr/149.202.178.67","443","INFO","ECDHE-RSA-AES256-SHA","",""
"cipherorder_TLSv1_2","datapass.api.gouv.fr/149.202.178.67","443","INFO","ECDHE-RSA-AES256-GCM-SHA384","",""
"FS","datapass.api.gouv.fr/149.202.178.67","443","OK","offered","",""
"FS_ciphers","datapass.api.gouv.fr/149.202.178.67","443","INFO","DHE-RSA-AES128-GCM-SHA256 DHE-RSA-AES128-SHA256 DHE-RSA-AES128-SHA DHE-RSA-AES256-GCM-SHA384 DHE-RSA-AES256-SHA256 DHE-RSA-AES256-SHA DHE-RSA-CAMELLIA128-SHA DHE-RSA-CAMELLIA256-SHA DHE-RSA-SEED-SHA ECDHE-RSA-AES128-GCM-SHA256 ECDHE-RSA-AES128-SHA256 ECDHE-RSA-AES128-SHA ECDHE-RSA-AES256-GCM-SHA384 ECDHE-RSA-AES256-SHA384 ECDHE-RSA-AES256-SHA","",""
"FS_ECDHE_curves","datapass.api.gouv.fr/149.202.178.67","443","OK","prime256v1","",""
"TLS_extensions","datapass.api.gouv.fr/149.202.178.67","443","INFO","'server name/#0' 'renegotiation info/#65281' 'EC point formats/#11' 'session ticket/#35' 'heartbeat/#15' 'next protocol/#13172' 'application layer protocol negotiation/#16'","",""
"TLS_session_ticket","datapass.api.gouv.fr/149.202.178.67","443","INFO","valid for 300 seconds only (<daily)","",""
"SSL_sessionID_support","datapass.api.gouv.fr/149.202.178.67","443","INFO","yes","",""
"sessionresumption_ticket","datapass.api.gouv.fr/149.202.178.67","443","INFO","supported","",""
"sessionresumption_ID","datapass.api.gouv.fr/149.202.178.67","443","INFO","not supported","",""
"TLS_timestamp","datapass.api.gouv.fr/149.202.178.67","443","INFO","random","",""
"clientAuth","datapass.api.gouv.fr/149.202.178.67","443","INFO","none","",""
"cert_numbers","datapass.api.gouv.fr/149.202.178.67","443","INFO","1","",""
"cert_signatureAlgorithm","datapass.api.gouv.fr/149.202.178.67","443","OK","SHA256 with RSA","",""
"cert_keySize","datapass.api.gouv.fr/149.202.178.67","443","INFO","RSA 2048 bits (exponent is 65537)","",""
"cert_keyUsage","datapass.api.gouv.fr/149.202.178.67","443","INFO","Digital Signature, Key Encipherment","",""
"cert_extKeyUsage","datapass.api.gouv.fr/149.202.178.67","443","INFO","TLS Web Server Authentication, TLS Web Client Authentication","",""
"cert_serialNumber","datapass.api.gouv.fr/149.202.178.67","443","INFO","03A9DFB347D9EAD9F265056CB411F3505D48","",""
"cert_fingerprintSHA1","datapass.api.gouv.fr/149.202.178.67","443","INFO","CA3EC1F7A6E5CAA0582D47B86DCEC791C0F4FE2E","",""
"cert_fingerprintSHA256","datapass.api.gouv.fr/149.202.178.67","443","INFO","68E594F3EB7708B9C0A58BBCD2790C3E488697AF7FB7FD4E1378F0D9E48C7E61","",""
"cert","datapass.api.gouv.fr/149.202.178.67","443","INFO","-----BEGIN CERTIFICATE----- MIIFLTCCBBWgAwIBAgISA6nfs0fZ6tnyZQVstBHzUF1IMA0GCSqGSIb3DQEBCwUA MDIxCzAJBgNVBAYTAlVTMRYwFAYDVQQKEw1MZXQncyBFbmNyeXB0MQswCQYDVQQD EwJSMzAeFw0yMTA1MjAyMzAzMTVaFw0yMTA4MTgyMzAzMTVaMB8xHTAbBgNVBAMT FGRhdGFwYXNzLmFwaS5nb3V2LmZyMIIBIjANBgkqhkiG9w0BAQEFAAOCAQ8AMIIB CgKCAQEAtyIOoruK0FnXepBjXowr796zdTj/qkBBrAOl/dsc5AMKJOCTvz4Py9E0 boVK3uU3wPXmbUXqTmVYXN9CKDtBikQwP0Qk7D6ISNlBCC3rZtL401GFtE9r16UI p/5HZal3cKXFJM5A8aScvq6Lvbw3tQ4ejF5TqCRgy3UD2TAg6lbsnOjbuiRUusSL quSNVEeSLSeRxTi2p1xB/VgyBBxuMdn4vq8QNxpW6Nqx63dzy9yy1yj2Bvnk3ANj Ozg7m8t+Oitd65Tdb6aXaOtlCoj6KmEknH9YtSK9+ockFSRbi9SBW0hZzypH9Cgj LIp4//3gmHQhARjkTz/uZkrHXVsGkwIDAQABo4ICTjCCAkowDgYDVR0PAQH/BAQD AgWgMB0GA1UdJQQWMBQGCCsGAQUFBwMBBggrBgEFBQcDAjAMBgNVHRMBAf8EAjAA MB0GA1UdDgQWBBRRLYaOIEaR1CbHz0ozx0Qlvgr42TAfBgNVHSMEGDAWgBQULrMX t1hWy65QCUDmH6+dixTCxjBVBggrBgEFBQcBAQRJMEcwIQYIKwYBBQUHMAGGFWh0 dHA6Ly9yMy5vLmxlbmNyLm9yZzAiBggrBgEFBQcwAoYWaHR0cDovL3IzLmkubGVu Y3Iub3JnLzAfBgNVHREEGDAWghRkYXRhcGFzcy5hcGkuZ291di5mcjBMBgNVHSAE RTBDMAgGBmeBDAECATA3BgsrBgEEAYLfEwEBATAoMCYGCCsGAQUFBwIBFhpodHRw Oi8vY3BzLmxldHNlbmNyeXB0Lm9yZzCCAQMGCisGAQQB1nkCBAIEgfQEgfEA7wB1 AJQgvB6O1Y1siHMfgosiLA3R2k1ebE+UPWHbTi9YTaLCAAABeYw7ulkAAAQDAEYw RAIgdhP2S6TBFqmL0TCPwtcRm5PA5htKGjT3gE7MUhectNoCIBfILOaabnOSPHjw /aW1ZAhxpB39rwcdcYgExhzIWbZUAHYAfT7y+I//iFVoJMLAyp5SiXkrxQ54CX8u apdomX4i8NcAAAF5jDu7pgAABAMARzBFAiAka8EdEUS9USnrAoMxJ0ubvKakVQn2 i2Nr54knxRVqvgIhAOHbqAnpKVChET9pjUUxUWuLb+z1ejCds3GLTaFLyKL+MA0G CSqGSIb3DQEBCwUAA4IBAQCh3BrFCfzwnllongOetDo1mLoGM44Sv5XNKIjaqVSW +1Kjpb1Qr5803TeqlBRBJPA31UGqIWEHFPe/Lw7SHMiV9WRyz0N3xB+aCM7BHddL a2SqRfW1am7tbtLvHMgtEgzvQar+153JFS4XVSAlQhxU13eBNVTh2NZcNcrTOT5r rT2ZiTRAZVqZP60TYNGEQofJJvl95WEeAwDU6X5HrW16hgoZhqrR6A72ce5cyFA1 GpgeZ7yTx6dJMAHf6A5gKpgNFI87cESiOnis0lgrXoa4fjtXMqd/3oLvLRiP8Qy7 kjq6UjSPEEJyezC8L4RTN6TlRWZe7K2bcLr7gPyscxnL -----END CERTIFICATE-----","",""
"cert_commonName","datapass.api.gouv.fr/149.202.178.67","443","OK","datapass.api.gouv.fr","",""
"cert_commonName_wo_SNI","datapass.api.gouv.fr/149.202.178.67","443","INFO","back.datapass.api.gouv.fr","",""
"cert_subjectAltName","datapass.api.gouv.fr/149.202.178.67","443","INFO","datapass.api.gouv.fr","",""
"cert_trust","datapass.api.gouv.fr/149.202.178.67","443","OK","Ok via SAN and CN (SNI mandatory)","",""
"cert_chain_of_trust","datapass.api.gouv.fr/149.202.178.67","443","OK","passed.","",""
"cert_certificatePolicies_EV","datapass.api.gouv.fr/149.202.178.67","443","INFO","no","",""
"cert_expirationStatus","datapass.api.gouv.fr/149.202.178.67","443","OK","66 >= 30 days","",""
"cert_notBefore","datapass.api.gouv.fr/149.202.178.67","443","INFO","2021-05-20 23:03","",""
"cert_notAfter","datapass.api.gouv.fr/149.202.178.67","443","OK","2021-08-18 23:03","",""
"cert_extlifeSpan","datapass.api.gouv.fr/149.202.178.67","443","OK","certificate has no extended life time according to browser forum","",""
"cert_eTLS","datapass.api.gouv.fr/149.202.178.67","443","INFO","not present","",""
"cert_crlDistributionPoints","datapass.api.gouv.fr/149.202.178.67","443","INFO","--","",""
"cert_ocspURL","datapass.api.gouv.fr/149.202.178.67","443","INFO","http://r3.o.lencr.org","",""
"OCSP_stapling","datapass.api.gouv.fr/149.202.178.67","443","LOW","not offered","",""
"cert_mustStapleExtension","datapass.api.gouv.fr/149.202.178.67","443","INFO","--","",""
"DNS_CAArecord","datapass.api.gouv.fr/149.202.178.67","443","LOW","--","",""
"certificate_transparency","datapass.api.gouv.fr/149.202.178.67","443","OK","yes (certificate extension)","",""
"certs_countServer","datapass.api.gouv.fr/149.202.178.67","443","INFO","3","",""
"certs_list_ordering_problem","datapass.api.gouv.fr/149.202.178.67","443","INFO","no","",""
"cert_caIssuers","datapass.api.gouv.fr/149.202.178.67","443","INFO","R3 (Let's Encrypt from US)","",""
"intermediate_cert <#1>","datapass.api.gouv.fr/149.202.178.67","443","INFO","-----BEGIN CERTIFICATE----- MIIFFjCCAv6gAwIBAgIRAJErCErPDBinU/bWLiWnX1owDQYJKoZIhvcNAQELBQAw TzELMAkGA1UEBhMCVVMxKTAnBgNVBAoTIEludGVybmV0IFNlY3VyaXR5IFJlc2Vh cmNoIEdyb3VwMRUwEwYDVQQDEwxJU1JHIFJvb3QgWDEwHhcNMjAwOTA0MDAwMDAw WhcNMjUwOTE1MTYwMDAwWjAyMQswCQYDVQQGEwJVUzEWMBQGA1UEChMNTGV0J3Mg RW5jcnlwdDELMAkGA1UEAxMCUjMwggEiMA0GCSqGSIb3DQEBAQUAA4IBDwAwggEK AoIBAQC7AhUozPaglNMPEuyNVZLD+ILxmaZ6QoinXSaqtSu5xUyxr45r+XXIo9cP R5QUVTVXjJ6oojkZ9YI8QqlObvU7wy7bjcCwXPNZOOftz2nwWgsbvsCUJCWH+jdx sxPnHKzhm+/b5DtFUkWWqcFTzjTIUu61ru2P3mBw4qVUq7ZtDpelQDRrK9O8Zutm NHz6a4uPVymZ+DAXXbpyb/uBxa3Shlg9F8fnCbvxK/eG3MHacV3URuPMrSXBiLxg Z3Vms/EY96Jc5lP/Ooi2R6X/ExjqmAl3P51T+c8B5fWmcBcUr2Ok/5mzk53cU6cG /kiFHaFpriV1uxPMUgP17VGhi9sVAgMBAAGjggEIMIIBBDAOBgNVHQ8BAf8EBAMC AYYwHQYDVR0lBBYwFAYIKwYBBQUHAwIGCCsGAQUFBwMBMBIGA1UdEwEB/wQIMAYB Af8CAQAwHQYDVR0OBBYEFBQusxe3WFbLrlAJQOYfr52LFMLGMB8GA1UdIwQYMBaA FHm0WeZ7tuXkAXOACIjIGlj26ZtuMDIGCCsGAQUFBwEBBCYwJDAiBggrBgEFBQcw AoYWaHR0cDovL3gxLmkubGVuY3Iub3JnLzAnBgNVHR8EIDAeMBygGqAYhhZodHRw Oi8veDEuYy5sZW5jci5vcmcvMCIGA1UdIAQbMBkwCAYGZ4EMAQIBMA0GCysGAQQB gt8TAQEBMA0GCSqGSIb3DQEBCwUAA4ICAQCFyk5HPqP3hUSFvNVneLKYY611TR6W PTNlclQtgaDqw+34IL9fzLdwALduO/ZelN7kIJ+m74uyA+eitRY8kc607TkC53wl ikfmZW4/RvTZ8M6UK+5UzhK8jCdLuMGYL6KvzXGRSgi3yLgjewQtCPkIVz6D2QQz CkcheAmCJ8MqyJu5zlzyZMjAvnnAT45tRAxekrsu94sQ4egdRCnbWSDtY7kh+BIm lJNXoB1lBMEKIq4QDUOXoRgffuDghje1WrG9ML+Hbisq/yFOGwXD9RiX8F6sw6W4 avAuvDszue5L3sz85K+EC4Y/wFVDNvZo4TYXao6Z0f+lQKc0t8DQYzk1OXVu8rp2 yJMC6alLbBfODALZvYH7n7do1AZls4I9d1P4jnkDrQoxB3UqQ9hVl3LEKQ73xF1O yK5GhDDX8oVfGKF5u+decIsH4YaTw7mP3GFxJSqv3+0lUFJoi5Lc5da149p90Ids hCExroL1+7mryIkXPeFM5TgO9r0rvZaBFOvV2z0gp35Z0+L4WPlbuEjN/lxPFin+ HlUjr8gRsI3qfJOQFy/9rKIJR0Y/8Omwt/8oTWgy1mdeHmmjk7j1nYsvC9JSQ6Zv MldlTTKB3zhThV1+XWYp6rjd5JW1zbVWEkLNxE7GJThEUG3szgBVGP7pSWTUTsqX nLRbwHOoq7hHwg== -----END CERTIFICATE-----","",""
"intermediate_cert_fingerprintSHA256 <#1>","datapass.api.gouv.fr/149.202.178.67","443","INFO","67ADD1166B020AE61B8F5FC96813C04C2AA589960796865572A3C7E737613DFD","",""
"intermediate_cert_notBefore <#1>","datapass.api.gouv.fr/149.202.178.67","443","INFO","2020-09-04 00:00","",""
"intermediate_cert_notAfter <#1>","datapass.api.gouv.fr/149.202.178.67","443","OK","2025-09-15 16:00","",""
"intermediate_cert_expiration <#1>","datapass.api.gouv.fr/149.202.178.67","443","OK","ok > 40 days","",""
"intermediate_cert_chain <#1>","datapass.api.gouv.fr/149.202.178.67","443","INFO","R3 <-- ISRG Root X1","",""
"intermediate_cert <#2>","datapass.api.gouv.fr/149.202.178.67","443","INFO","-----BEGIN CERTIFICATE----- MIIFYDCCBEigAwIBAgIQQAF3ITfU6UK47naqPGQKtzANBgkqhkiG9w0BAQsFADA/ MSQwIgYDVQQKExtEaWdpdGFsIFNpZ25hdHVyZSBUcnVzdCBDby4xFzAVBgNVBAMT DkRTVCBSb290IENBIFgzMB4XDTIxMDEyMDE5MTQwM1oXDTI0MDkzMDE4MTQwM1ow TzELMAkGA1UEBhMCVVMxKTAnBgNVBAoTIEludGVybmV0IFNlY3VyaXR5IFJlc2Vh cmNoIEdyb3VwMRUwEwYDVQQDEwxJU1JHIFJvb3QgWDEwggIiMA0GCSqGSIb3DQEB AQUAA4ICDwAwggIKAoICAQCt6CRz9BQ385ueK1coHIe+3LffOJCMbjzmV6B493XC ov71am72AE8o295ohmxEk7axY/0UEmu/H9LqMZshftEzPLpI9d1537O4/xLxIZpL wYqGcWlKZmZsj348cL+tKSIG8+TA5oCu4kuPt5l+lAOf00eXfJlII1PoOK5PCm+D LtFJV4yAdLbaL9A4jXsDcCEbdfIwPPqPrt3aY6vrFk/CjhFLfs8L6P+1dy70sntK 4EwSJQxwjQMpoOFTJOwT2e4ZvxCzSow/iaNhUd6shweU9GNx7C7ib1uYgeGJXDR5 bHbvO5BieebbpJovJsXQEOEO3tkQjhb7t/eo98flAgeYjzYIlefiN5YNNnWe+w5y sR2bvAP5SQXYgd0FtCrWQemsAXaVCg/Y39W9Eh81LygXbNKYwagJZHduRze6zqxZ Xmidf3LWicUGQSk+WT7dJvUkyRGnWqNMQB9GoZm1pzpRboY7nn1ypxIFeFntPlF4 FQsDj43QLwWyPntKHEtzBRL8xurgUBN8Q5N0s8p0544fAQjQMNRbcTa0B7rBMDBc SLeCO5imfWCKoqMpgsy6vYMEG6KDA0Gh1gXxG8K28Kh8hjtGqEgqiNx2mna/H2ql PRmP6zjzZN7IKw0KKP/32+IVQtQi0Cdd4Xn+GOdwiK1O5tmLOsbdJ1Fu/7xk9TND TwIDAQABo4IBRjCCAUIwDwYDVR0TAQH/BAUwAwEB/zAOBgNVHQ8BAf8EBAMCAQYw SwYIKwYBBQUHAQEEPzA9MDsGCCsGAQUFBzAChi9odHRwOi8vYXBwcy5pZGVudHJ1 c3QuY29tL3Jvb3RzL2RzdHJvb3RjYXgzLnA3YzAfBgNVHSMEGDAWgBTEp7Gkeyxx +tvhS5B1/8QVYIWJEDBUBgNVHSAETTBLMAgGBmeBDAECATA/BgsrBgEEAYLfEwEB ATAwMC4GCCsGAQUFBwIBFiJodHRwOi8vY3BzLnJvb3QteDEubGV0c2VuY3J5cHQu b3JnMDwGA1UdHwQ1MDMwMaAvoC2GK2h0dHA6Ly9jcmwuaWRlbnRydXN0LmNvbS9E U1RST09UQ0FYM0NSTC5jcmwwHQYDVR0OBBYEFHm0WeZ7tuXkAXOACIjIGlj26Ztu MA0GCSqGSIb3DQEBCwUAA4IBAQAKcwBslm7/DlLQrt2M51oGrS+o44+/yQoDFVDC 5WxCu2+b9LRPwkSICHXM6webFGJueN7sJ7o5XPWioW5WlHAQU7G75K/QosMrAdSW 9MUgNTP52GE24HGNtLi1qoJFlcDyqSMo59ahy2cI2qBDLKobkx/J3vWraV0T9VuG WCLKTVXkcGdtwlfFRjlBz4pYg1htmf5X6DYO8A4jqv2Il9DjXA6USbW1FzXSLr9O he8Y4IWS6wY7bCkjCWDcRQJMEhg76fsO3txE+FiYruq9RUWhiF1myv4Q6W+CyBFC Dfvp7OOGAN6dEOM4+qR9sdjoSYKEBpsr6GtPAQw4dy753ec5 -----END CERTIFICATE-----","",""
"intermediate_cert_fingerprintSHA256 <#2>","datapass.api.gouv.fr/149.202.178.67","443","INFO","6D99FB265EB1C5B3744765FCBC648F3CD8E1BFFAFDC4C2F99B9D47CF7FF1C24F","",""
"intermediate_cert_notBefore <#2>","datapass.api.gouv.fr/149.202.178.67","443","INFO","2021-01-20 19:14","",""
"intermediate_cert_notAfter <#2>","datapass.api.gouv.fr/149.202.178.67","443","OK","2024-09-30 18:14","",""
"intermediate_cert_expiration <#2>","datapass.api.gouv.fr/149.202.178.67","443","OK","ok > 40 days","",""
"intermediate_cert_chain <#2>","datapass.api.gouv.fr/149.202.178.67","443","INFO","ISRG Root X1 <-- DST Root CA X3","",""
"intermediate_cert_badOCSP","datapass.api.gouv.fr/149.202.178.67","443","OK","intermediate certificate(s) is/are ok","",""
"HTTP_status_code","datapass.api.gouv.fr/149.202.178.67","443","INFO","200 OK ('/')","",""
"HTTP_clock_skew","datapass.api.gouv.fr/149.202.178.67","443","INFO","0 seconds from localtime","",""
"HSTS_time","datapass.api.gouv.fr/149.202.178.67","443","OK","180 days (=15552000 seconds) > 15552000 seconds","",""
"HSTS_subdomains","datapass.api.gouv.fr/149.202.178.67","443","INFO","only for this domain","",""
"HSTS_preload","datapass.api.gouv.fr/149.202.178.67","443","INFO","domain is NOT marked for preloading","",""
"HPKP","datapass.api.gouv.fr/149.202.178.67","443","INFO","No support for HTTP Public Key Pinning","",""
"banner_server","datapass.api.gouv.fr/149.202.178.67","443","INFO","nginx/1.10.3 (Ubuntu)","",""
"banner_application","datapass.api.gouv.fr/149.202.178.67","443","INFO","No application banner found","",""
"cookie_count","datapass.api.gouv.fr/149.202.178.67","443","INFO","0 at '/'","",""
"X-Frame-Options","datapass.api.gouv.fr/149.202.178.67","443","OK","DENY","",""
"Cache-Control","datapass.api.gouv.fr/149.202.178.67","443","INFO","no-store, must-revalidate","",""
"banner_reverseproxy","datapass.api.gouv.fr/149.202.178.67","443","INFO","--","","CWE-200"
"heartbleed","datapass.api.gouv.fr/149.202.178.67","443","OK","not vulnerable , timed out","CVE-2014-0160","CWE-119"
"CCS","datapass.api.gouv.fr/149.202.178.67","443","OK","not vulnerable","CVE-2014-0224","CWE-310"
"ticketbleed","datapass.api.gouv.fr/149.202.178.67","443","OK","not vulnerable","CVE-2016-9244","CWE-200"
"ROBOT","datapass.api.gouv.fr/149.202.178.67","443","OK","not vulnerable, no RSA key transport cipher","CVE-2017-17382 CVE-2017-17427 CVE-2017-17428 CVE-2017-13098 CVE-2017-1000385 CVE-2017-13099 CVE-2016-6883 CVE-2012-5081 CVE-2017-6168","CWE-203"
"secure_renego","datapass.api.gouv.fr/149.202.178.67","443","OK","supported","","CWE-310"
"secure_client_renego","datapass.api.gouv.fr/149.202.178.67","443","OK","not vulnerable","CVE-2011-1473","CWE-310"
"CRIME_TLS","datapass.api.gouv.fr/149.202.178.67","443","OK","not vulnerable","CVE-2012-4929","CWE-310"
"BREACH","datapass.api.gouv.fr/149.202.178.67","443","MEDIUM","potentially VULNERABLE, gzip deflate HTTP compression detected  - only supplied '/' tested","CVE-2013-3587","CWE-310"
"POODLE_SSL","datapass.api.gouv.fr/149.202.178.67","443","OK","not vulnerable, no SSLv3","CVE-2014-3566","CWE-310"
"fallback_SCSV","datapass.api.gouv.fr/149.202.178.67","443","OK","supported","",""
"SWEET32","datapass.api.gouv.fr/149.202.178.67","443","OK","not vulnerable","CVE-2016-2183 CVE-2016-6329","CWE-327"
"FREAK","datapass.api.gouv.fr/149.202.178.67","443","OK","not vulnerable","CVE-2015-0204","CWE-310"
"DROWN","datapass.api.gouv.fr/149.202.178.67","443","OK","not vulnerable on this host and port","CVE-2016-0800 CVE-2016-0703","CWE-310"
"DROWN_hint","datapass.api.gouv.fr/149.202.178.67","443","INFO","Make sure you don't use this certificate elsewhere with SSLv2 enabled services, see https://censys.io/ipv4?q=68E594F3EB7708B9C0A58BBCD2790C3E488697AF7FB7FD4E1378F0D9E48C7E61","CVE-2016-0800 CVE-2016-0703","CWE-310"
"LOGJAM-common_primes","datapass.api.gouv.fr/149.202.178.67","443","HIGH","nginx/1024-bit MODP group with safe prime modulus","CVE-2015-4000","CWE-310"
"LOGJAM","datapass.api.gouv.fr/149.202.178.67","443","OK","not vulnerable, no DH EXPORT ciphers,","CVE-2015-4000","CWE-310"
"BEAST_CBC_TLS1","datapass.api.gouv.fr/149.202.178.67","443","MEDIUM","ECDHE-RSA-AES256-SHA ECDHE-RSA-AES128-SHA DHE-RSA-AES256-SHA DHE-RSA-CAMELLIA256-SHA DHE-RSA-AES128-SHA DHE-RSA-SEED-SHA DHE-RSA-CAMELLIA128-SHA","CVE-2011-3389","CWE-20"
"BEAST","datapass.api.gouv.fr/149.202.178.67","443","LOW","VULNERABLE -- but also supports higher protocols  TLSv1.1 TLSv1.2 (likely mitigated)","CVE-2011-3389","CWE-20"
"LUCKY13","datapass.api.gouv.fr/149.202.178.67","443","LOW","potentially vulnerable, uses TLS CBC ciphers","CVE-2013-0169","CWE-310"
"winshock","datapass.api.gouv.fr/149.202.178.67","443","OK","not vulnerable","CVE-2014-6321","CWE-94"
"RC4","datapass.api.gouv.fr/149.202.178.67","443","OK","not vulnerable","CVE-2013-2566 CVE-2015-2808","CWE-310"
"clientsimulation-android_442","datapass.api.gouv.fr/149.202.178.67","443","INFO","TLSv1.2 ECDHE-RSA-AES256-GCM-SHA384","",""
"clientsimulation-android_500","datapass.api.gouv.fr/149.202.178.67","443","INFO","TLSv1.2 ECDHE-RSA-AES128-GCM-SHA256","",""
"clientsimulation-android_60","datapass.api.gouv.fr/149.202.178.67","443","INFO","TLSv1.2 ECDHE-RSA-AES128-GCM-SHA256","",""
"clientsimulation-android_70","datapass.api.gouv.fr/149.202.178.67","443","INFO","TLSv1.2 ECDHE-RSA-AES256-GCM-SHA384","",""
"clientsimulation-android_81","datapass.api.gouv.fr/149.202.178.67","443","INFO","TLSv1.2 ECDHE-RSA-AES256-GCM-SHA384","",""
"clientsimulation-android_90","datapass.api.gouv.fr/149.202.178.67","443","INFO","TLSv1.2 ECDHE-RSA-AES256-GCM-SHA384","",""
"clientsimulation-android_X","datapass.api.gouv.fr/149.202.178.67","443","INFO","TLSv1.2 ECDHE-RSA-AES256-GCM-SHA384","",""
"clientsimulation-chrome_74_win10","datapass.api.gouv.fr/149.202.178.67","443","INFO","TLSv1.2 ECDHE-RSA-AES256-GCM-SHA384","",""
"clientsimulation-chrome_79_win10","datapass.api.gouv.fr/149.202.178.67","443","INFO","TLSv1.2 ECDHE-RSA-AES256-GCM-SHA384","",""
"clientsimulation-firefox_66_win81","datapass.api.gouv.fr/149.202.178.67","443","INFO","TLSv1.2 ECDHE-RSA-AES256-GCM-SHA384","",""
"clientsimulation-firefox_71_win10","datapass.api.gouv.fr/149.202.178.67","443","INFO","TLSv1.2 ECDHE-RSA-AES256-GCM-SHA384","",""
"clientsimulation-ie_6_xp","datapass.api.gouv.fr/149.202.178.67","443","INFO","No connection","",""
"clientsimulation-ie_8_win7","datapass.api.gouv.fr/149.202.178.67","443","INFO","TLSv1.0 ECDHE-RSA-AES256-SHA","",""
"clientsimulation-ie_8_xp","datapass.api.gouv.fr/149.202.178.67","443","INFO","No connection","",""
"clientsimulation-ie_11_win7","datapass.api.gouv.fr/149.202.178.67","443","INFO","TLSv1.2 ECDHE-RSA-AES256-SHA384","",""
"clientsimulation-ie_11_win81","datapass.api.gouv.fr/149.202.178.67","443","INFO","TLSv1.2 ECDHE-RSA-AES256-SHA384","",""
"clientsimulation-ie_11_winphone81","datapass.api.gouv.fr/149.202.178.67","443","INFO","TLSv1.2 ECDHE-RSA-AES128-SHA256","",""
"clientsimulation-ie_11_win10","datapass.api.gouv.fr/149.202.178.67","443","INFO","TLSv1.2 ECDHE-RSA-AES256-GCM-SHA384","",""
"clientsimulation-edge_15_win10","datapass.api.gouv.fr/149.202.178.67","443","INFO","TLSv1.2 ECDHE-RSA-AES256-GCM-SHA384","",""
"clientsimulation-edge_17_win10","datapass.api.gouv.fr/149.202.178.67","443","INFO","TLSv1.2 ECDHE-RSA-AES256-GCM-SHA384","",""
"clientsimulation-opera_66_win10","datapass.api.gouv.fr/149.202.178.67","443","INFO","TLSv1.2 ECDHE-RSA-AES256-GCM-SHA384","",""
"clientsimulation-safari_9_ios9","datapass.api.gouv.fr/149.202.178.67","443","INFO","TLSv1.2 ECDHE-RSA-AES256-GCM-SHA384","",""
"clientsimulation-safari_9_osx1011","datapass.api.gouv.fr/149.202.178.67","443","INFO","TLSv1.2 ECDHE-RSA-AES256-GCM-SHA384","",""
"clientsimulation-safari_10_osx1012","datapass.api.gouv.fr/149.202.178.67","443","INFO","TLSv1.2 ECDHE-RSA-AES256-GCM-SHA384","",""
"clientsimulation-safari_121_ios_122","datapass.api.gouv.fr/149.202.178.67","443","INFO","TLSv1.2 ECDHE-RSA-AES256-GCM-SHA384","",""
"clientsimulation-safari_130_osx_10146","datapass.api.gouv.fr/149.202.178.67","443","INFO","TLSv1.2 ECDHE-RSA-AES256-GCM-SHA384","",""
"clientsimulation-apple_ats_9_ios9","datapass.api.gouv.fr/149.202.178.67","443","INFO","TLSv1.2 ECDHE-RSA-AES256-GCM-SHA384","",""
"clientsimulation-java_6u45","datapass.api.gouv.fr/149.202.178.67","443","INFO","TLSv1.0 DHE-RSA-AES128-SHA","",""
"clientsimulation-java_7u25","datapass.api.gouv.fr/149.202.178.67","443","INFO","TLSv1.0 ECDHE-RSA-AES128-SHA","",""
"clientsimulation-java_8u161","datapass.api.gouv.fr/149.202.178.67","443","INFO","TLSv1.2 ECDHE-RSA-AES256-GCM-SHA384","",""
"clientsimulation-java1102","datapass.api.gouv.fr/149.202.178.67","443","INFO","TLSv1.2 ECDHE-RSA-AES256-GCM-SHA384","",""
"clientsimulation-java1201","datapass.api.gouv.fr/149.202.178.67","443","INFO","TLSv1.2 ECDHE-RSA-AES256-GCM-SHA384","",""
"clientsimulation-openssl_102e","datapass.api.gouv.fr/149.202.178.67","443","INFO","TLSv1.2 ECDHE-RSA-AES256-GCM-SHA384","",""
"clientsimulation-openssl_110l","datapass.api.gouv.fr/149.202.178.67","443","INFO","TLSv1.2 ECDHE-RSA-AES256-GCM-SHA384","",""
"clientsimulation-openssl_111d","datapass.api.gouv.fr/149.202.178.67","443","INFO","TLSv1.2 ECDHE-RSA-AES256-GCM-SHA384","",""
"clientsimulation-thunderbird_68_3_1","datapass.api.gouv.fr/149.202.178.67","443","INFO","TLSv1.2 ECDHE-RSA-AES256-GCM-SHA384","",""
"rating_spec","datapass.api.gouv.fr/149.202.178.67","443","INFO","SSL Labs's 'SSL Server Rating Guide' (version 2009q from 2020-01-30)","",""
"rating_doc","datapass.api.gouv.fr/149.202.178.67","443","INFO","https://github.com/ssllabs/research/wiki/SSL-Server-Rating-Guide","",""
"protocol_support_score","datapass.api.gouv.fr/149.202.178.67","443","INFO","95","",""
"protocol_support_score_weighted","datapass.api.gouv.fr/149.202.178.67","443","INFO","28","",""
"key_exchange_score","datapass.api.gouv.fr/149.202.178.67","443","INFO","80","",""
"key_exchange_score_weighted","datapass.api.gouv.fr/149.202.178.67","443","INFO","24","",""
"cipher_strength_score","datapass.api.gouv.fr/149.202.178.67","443","INFO","60","",""
"cipher_strength_score_weighted","datapass.api.gouv.fr/149.202.178.67","443","INFO","24","",""
"final_score","datapass.api.gouv.fr/149.202.178.67","443","INFO","76","",""
"overall_grade","datapass.api.gouv.fr/149.202.178.67","443","MEDIUM","B","",""
"grade_cap_reason_1","datapass.api.gouv.fr/149.202.178.67","443","INFO","Grade capped to B. TLS 1.1 offered","",""
"grade_cap_reason_2","datapass.api.gouv.fr/149.202.178.67","443","INFO","Grade capped to B. TLS 1.0 offered","",""
